Dataset I: 1.1, 1.4, 1.3, 1.7, 1.9, 1.8, 1.6, 2.2, 1.7, 2.7, 4.1, 1.8, 1.5, 1.2, 1.4, 3, 1.7, 2.3, 1.6, 2.

Dataset II: 0.0903296, 0.2036540, 0.2043140, 0.2808870, 0.1976530, 0.3286410, 0.1486220, 
0.1623940, 0.2627270, 0.1794550, 0.3266350, 0.2300810, 0.1833120, 0.1509440, 
0.2000710, 0.1918020, 0.1541920, 0.4641250, 0.1170630, 0.1481410, 0.1448100, 
0.1330830, 0.2760160, 0.4204770, 0.1224170, 0.2285950, 0.1138520, 0.2252140, 
0.1769690, 0.2007440, 0.1670450, 0.2316230, 0.2910290, 0.3412730, 0.4387120, 
0.2626510, 0.1896510, 0.1725670, 0.2400770, 0.3116460, 0.1635860, 0.1824530, 
0.1641270, 0.1534810, 0.1618650, 0.2760160, 0.2538320, 0.2004470.


Dataset III: 1.067, 1.757, 1.705, 1.849, 1.131, 1.595, 1.524, 1.014, 1.266,
1.678, 1.758, 1.898, 1.459, 3.370, 1.283, 1.753, 1.840, 2.134,
2.293, 2.217, 2.365, 1.485, 2.603, 2.952, 2.164, 3.142, 4.880,
2.885, 1.513, 2.704, 3.169, 2.485, 6.080, 2.462, 1.508, 1.078,
3.777, 3.407, 2.363, 5.893, 3.421, 7.211, 2.001, 2.087, 3.487,
3.457, 4.925, 2.469, 10.48, 2.514, 2.779, 2.514, 2.285, 3.895.
